+----------------------------------------------------------------------------------------------------------------------------------------------------------------------------------------------------------------+
; Legal Partition Candidates                                                                                                                                                                                     ;
+-----------+-------+----------------+--------------+----------------+--------+-----------------+---------------+-----------------+-------+----------------+--------------+------------------+-------------------+
; Hierarchy ; Input ; Constant Input ; Unused Input ; Floating Input ; Output ; Constant Output ; Unused Output ; Floating Output ; Bidir ; Constant Bidir ; Unused Bidir ; Input only Bidir ; Output only Bidir ;
+-----------+-------+----------------+--------------+----------------+--------+-----------------+---------------+-----------------+-------+----------------+--------------+------------------+-------------------+
; comb_65   ; 130   ; 32             ; 0            ; 32             ; 32     ; 32              ; 32            ; 32              ; 0     ; 0              ; 0            ; 0                ; 0                 ;
; hexConv0  ; 4     ; 0              ; 0            ; 0              ; 7      ; 0               ; 0             ; 0               ; 0     ; 0              ; 0            ; 0                ; 0                 ;
; hexConv1  ; 4     ; 0              ; 0            ; 0              ; 7      ; 0               ; 0             ; 0               ; 0     ; 0              ; 0            ; 0                ; 0                 ;
; hexConv2  ; 4     ; 0              ; 0            ; 0              ; 7      ; 0               ; 0             ; 0               ; 0     ; 0              ; 0            ; 0                ; 0                 ;
; hexConv3  ; 4     ; 0              ; 0            ; 0              ; 7      ; 0               ; 0             ; 0               ; 0     ; 0              ; 0            ; 0                ; 0                 ;
; dmem      ; 80    ; 49             ; 2            ; 49             ; 66     ; 49              ; 49            ; 49              ; 0     ; 0              ; 0            ; 0                ; 0                 ;
; comb_64   ; 33    ; 31             ; 0            ; 31             ; 50     ; 31              ; 31            ; 31              ; 0     ; 0              ; 0            ; 0                ; 0                 ;
; comb_63   ; 69    ; 0              ; 0            ; 0              ; 32     ; 0               ; 0             ; 0               ; 0     ; 0              ; 0            ; 0                ; 0                 ;
; comb_62   ; 130   ; 32             ; 0            ; 32             ; 32     ; 32              ; 32            ; 32              ; 0     ; 0              ; 0            ; 0                ; 0                 ;
; comb_61   ; 46    ; 0              ; 0            ; 0              ; 64     ; 0               ; 0             ; 0               ; 0     ; 0              ; 0            ; 0                ; 0                 ;
; extender  ; 16    ; 0              ; 0            ; 0              ; 32     ; 0               ; 0             ; 0               ; 0     ; 0              ; 0            ; 0                ; 0                 ;
; comb_8    ; 65    ; 72             ; 0            ; 72             ; 32     ; 72              ; 72            ; 72              ; 0     ; 0              ; 0            ; 0                ; 0                 ;
; instMem   ; 11    ; 0              ; 0            ; 0              ; 32     ; 0               ; 0             ; 0               ; 0     ; 0              ; 0            ; 0                ; 0                 ;
; pc        ; 35    ; 1              ; 0            ; 1              ; 32     ; 1               ; 1             ; 1               ; 0     ; 0              ; 0            ; 0                ; 0                 ;
; comb_7    ; 130   ; 32             ; 0            ; 32             ; 32     ; 32              ; 32            ; 32              ; 0     ; 0              ; 0            ; 0                ; 0                 ;
; comb_5    ; 32    ; 0              ; 0            ; 0              ; 32     ; 0               ; 0             ; 0               ; 0     ; 0              ; 0            ; 0                ; 0                 ;
; PLL_inst  ; 1     ; 0              ; 0            ; 0              ; 2      ; 0               ; 0             ; 0               ; 0     ; 0              ; 0            ; 0                ; 0                 ;
+-----------+-------+----------------+--------------+----------------+--------+-----------------+---------------+-----------------+-------+----------------+--------------+------------------+-------------------+
